375 682
12 78
190 57
190 76
190 80
191 59
191 53
191 57
191 66
191 68
191 72
191 74
191 81
191 82
191 83
191 86
191 50
191 58
191 71
191 72
191 80
191 84
191 85
191 68
191 83
191 55
191 60
191 61
191 77
36 49
49 69
49 75
49 59
50 78
50 79
33 51
51 52
51 81
51 79
52 55
52 73
53 55
53 74
53 84
54 78
54 58
54 83
10 55
55 70
56 77
56 74
57 63
57 67
57 62
57 65
57 71
57 82
58 61
35 61
61 64
61 78
63 69
63 64
63 82
63 76
63 83
65 72
65 79
65 81
66 69
66 73
66 80
67 70
71 74
72 75
11 75
8 77
156 173
156 86
156 159
157 158
157 176
157 60
157 62
157 84
157 158
158 159
158 160
158 161
158 179
158 169
159 182
160 164
161 170
162 164
162 165
162 166
162 180
162 187
163 164
2 163
2 168
2 177
2 179
2 183
2 187
2 189
2 99
2 247
2 256
2 258
2 262
2 266
2 268
2 140
2 144
2 150
2 336
2 343
2 344
2 348
2 225
2 230
2 239
2 241
2 286
2 290
2 292
27 163
163 186
163 167
163 168
163 175
163 177
165 169
166 170
167 169
167 174
167 181
167 185
167 176
167 185
168 170
168 172
4 168
169 189
171 174
171 186
171 188
171 173
171 181
174 177
175 183
177 182
5 177
178 187
178 183
178 185
178 203
178 208
178 210
178 212
179 210
180 182
184 186
28 189
99 265
99 246
99 247
99 254
99 256
244 248
245 249
246 248
246 253
246 260
246 264
246 255
246 264
247 249
247 251
39 247
248 268
250 253
250 265
250 267
250 252
250 260
253 256
254 262
256 261
38 256
257 266
257 262
257 264
257 204
257 212
258 204
259 261
263 265
14 268
269 279
269 114
269 118
270 281
270 275
270 279
270 104
270 106
270 110
270 112
270 119
270 120
270 121
270 124
270 272
270 280
270 109
270 110
270 118
270 122
270 123
270 106
270 121
270 277
270 282
270 283
270 115
9 271
271 107
271 113
271 281
272 116
272 117
6 273
273 274
273 119
273 117
274 277
274 111
275 277
369 198
369 200
370 373
371 193
371 374
372 200
375 194
20 195
24 196
203 204
41 203
41 205
41 208
204 207
204 208
205 209
205 210
206 211
207 212
207 240
207 286
207 288
208 241
209 211
209 212
25 211
87 97
87 90
88 95
88 92
89 96
89 91
90 251
90 260
90 263
90 267
90 123
90 97
91 260
91 263
91 267
91 269
91 282
91 117
91 121
91 122
91 96
92 252
92 124
92 95
93 94
93 255
93 282
93 100
93 122
93 94
94 95
94 96
94 97
94 258
94 248
95 261
96 243
97 249
98 243
98 244
98 245
98 259
98 266
99 243
15 99
16 150
334 337
334 338
334 347
337 342
338 341
339 345
341 343
342 206
343 345
42 343
344 209
349 359
349 367
349 369
349 197
349 200
22 350
350 192
350 351
350 373
46 351
351 193
352 371
352 195
352 198
353 355
353 357
353 359
353 370
353 371
353 372
353 192
353 194
353 199
353 200
353 202
353 366
353 192
353 198
354 355
354 360
354 370
354 197
1 355
355 198
356 195
356 362
356 200
357 360
357 194
357 201
358 196
358 194
359 365
359 367
359 363
359 366
359 375
359 199
23 360
360 365
360 361
360 364
360 374
360 196
362 364
48 364
364 368
364 195
367 373
367 368
367 199
317 320
318 321
43 321
47 323
40 324
127 131
127 132
127 133
127 134
127 344
127 131
127 340
127 361
127 363
127 201
127 335
128 138
128 149
128 346
128 352
128 362
128 375
128 192
128 197
128 201
128 134
129 133
129 138
129 346
129 349
129 361
129 201
129 133
130 334
130 202
130 132
132 345
133 142
134 146
135 335
136 141
136 342
136 147
136 340
137 140
137 144
137 150
137 343
137 348
138 139
139 140
139 337
139 338
139 346
139 347
140 142
18 140
141 143
141 348
141 145
141 347
142 333
142 143
142 146
142 335
142 345
143 336
144 146
144 149
44 144
145 147
145 341
146 148
147 150
150 335
3 239
240 290
242 285
287 289
26 292
293 303
293 322
293 326
294 305
294 299
294 303
294 312
294 314
294 318
294 320
294 327
294 328
294 329
294 332
294 296
294 304
294 317
294 318
294 326
294 330
294 331
294 314
294 329
294 301
294 306
294 307
294 323
17 295
295 315
295 321
295 305
296 324
296 325
21 297
297 298
297 327
297 325
298 301
298 319
299 301
299 320
299 330
300 324
300 304
300 329
45 301
301 316
302 323
302 320
303 309
303 313
303 308
303 311
303 317
303 328
304 307
19 307
307 310
307 324
309 315
309 310
309 328
309 322
309 329
311 318
311 325
311 327
312 315
312 319
312 326
313 316
213 223
213 216
214 221
214 218
215 222
215 217
216 234
216 284
216 287
216 291
216 331
216 223
217 284
217 287
217 291
217 293
217 306
217 325
217 329
217 330
217 222
218 235
218 332
218 221
219 220
219 238
219 306
219 308
219 330
219 220
220 221
220 222
220 223
220 241
220 231
221 285
222 226
223 232
224 226
224 227
224 228
224 242
224 290
225 226
13 225
225 289
225 229
225 230
225 237
225 239
227 231
228 232
229 231
229 236
229 284
229 288
229 238
229 288
230 232
230 234
37 230
231 292
233 236
233 289
233 291
233 235
233 284
236 239
237 286
239 285
275 112
275 122
276 116
276 280
276 121
31 277
277 108
278 115
278 112
279 101
279 105
279 100
279 103
279 109
279 120
280 283
7 283
283 102
283 116
101 107
101 102
101 120
101 114
101 121
103 110
103 117
103 119
104 107
104 111
104 118
105 108
109 112
110 113
32 113
30 115
34 116
125 132
125 130
126 134
126 128
151 161
151 154
152 159
152 156
153 160
153 155
154 172
154 181
154 184
154 188
154 85
29 154
29 155
29 156
29 157
29 90
29 91
29 92
29 93
29 128
29 129
29 130
29 131
29 216
29 217
29 218
29 219
154 161
155 181
155 184
155 188
155 190
155 60
155 79
155 83
155 84
155 160
